20230317 091600;17165;17187.8;17165;17173.4;291400
20230317 091700;17174.6;17188.45;17170.1;17188.45;164800
20230317 091800;17189.15;17203.25;17189.15;17199.95;182800
20230317 091900;17199.95;17199.95;17168.25;17169.1;116650
20230317 092000;17166.45;17169.2;17152.65;17164.85;64450
20230317 092100;17161.5;17172.95;17155;17155;283950
20230317 092200;17154.5;17158.75;17145.6;17147.6;137700
20230317 092300;17146.55;17164.1;17145.95;17162.85;52400
20230317 092400;17165.6;17176;17152.2;17152.55;48400
20230317 092500;17156;17165.9;17150.85;17164.2;37700
20230317 092600;17164.8;17164.8;17142.5;17148.05;35400
20230317 092700;17147.05;17153.2;17141.9;17149.3;39900
20230317 092800;17148;17169.25;17143.75;17168.65;31500
20230317 092900;17172;17181;17171.65;17177.3;54900
20230317 093000;17175;17179.7;17161.4;17163;33950
20230317 093100;17168;17172.3;17162;17166.9;18750
20230317 093200;17169.85;17172.6;17151.3;17154.3;29300
20230317 093300;17155.65;17162.35;17144.4;17144.4;31350
20230317 093400;17143.05;17155;17141;17142;23500
20230317 093500;17143.8;17148.25;17132.15;17139.65;47700
20230317 093600;17141;17144;17127.7;17131.15;50350
20230317 093700;17132.3;17134.45;17122.75;17128.45;51900
20230317 093800;17128.45;17135.85;17122.1;17128.45;36200
20230317 093900;17127.8;17147.45;17125;17141;40050
20230317 094000;17140.05;17142.65;17135;17137.2;23650
20230317 094100;17139.7;17145.1;17135;17135.55;10900
20230317 094200;17135.35;17153.45;17135.35;17152.6;19900
20230317 094300;17150;17151.55;17132.75;17142.4;15950
20230317 094400;17142;17149.7;17140.05;17140.95;10400
20230317 094500;17141.85;17141.85;17122.55;17122.55;17950
20230317 094600;17124.4;17127.1;17116;17119.85;53650
20230317 094700;17118.55;17125.45;17115.2;17117.2;36800
20230317 094800;17120;17132.45;17120;17122.85;32850
20230317 094900;17122.05;17134.1;17122.05;17126.2;14900
20230317 095000;17126.2;17130.8;17119.6;17130;14400
20230317 095100;17128.1;17135;17127.05;17133.2;13850
20230317 095200;17133.2;17148.4;17132.1;17148.4;17550
20230317 095300;17148.9;17149;17130.25;17138.55;34800
20230317 095400;17141;17158.8;17141;17158.8;23100
20230317 095500;17159;17160;17152.1;17156;19900
20230317 095600;17155.35;17157.95;17144.4;17145.9;14950
20230317 095700;17146.5;17154.95;17141;17141.55;12300
20230317 095800;17140;17143;17133.55;17135.05;13700
20230317 095900;17133.55;17137.8;17125;17125;14450
20230317 100000;17125;17125.2;17108.3;17108.3;35300
20230317 100100;17105.1;17119.05;17103;17111.1;46800
20230317 100200;17109.85;17113.95;17104.55;17111.9;20900
20230317 100300;17111;17114.35;17101.5;17109.35;25350
20230317 100400;17108.1;17114.9;17106.55;17114.15;17150
20230317 100500;17114.7;17124.15;17110;17121.4;29800
20230317 100600;17124.95;17129;17118;17121;16650
20230317 100700;17120.95;17125.85;17110.55;17111.1;12300
20230317 100800;17111.1;17129.1;17110.55;17115.05;11450
20230317 100900;17116.25;17127.95;17112.85;17124.85;6300
20230317 101000;17124.2;17126.8;17121.7;17122.05;4750
20230317 101100;17122.75;17126.45;17119.3;17123.1;5400
20230317 101200;17125;17141.85;17123.55;17135.5;21550
20230317 101300;17136.95;17138.9;17129.95;17129.95;10500
20230317 101400;17129.3;17138;17129.3;17133.45;6050
20230317 101500;17134;17139;17126;17137;9350
20230317 101600;17137;17156;17135.55;17153.5;36400
20230317 101700;17150.3;17156;17150.3;17153.35;19050
20230317 101800;17154.2;17160;17152.6;17152.6;25800
20230317 101900;17152.3;17159.25;17146;17146;23750
20230317 102000;17147.8;17152.95;17138.75;17138.9;16300
20230317 102100;17138;17148.55;17138;17147.4;13950
20230317 102200;17147.1;17153.05;17143.4;17151.85;8550
20230317 102300;17152.95;17153;17145.05;17146.15;10800
20230317 102400;17147.2;17148.35;17140.9;17145.1;8300
20230317 102500;17144.35;17144.9;17132.05;17134.2;11250
20230317 102600;17134.05;17134.05;17122.7;17122.7;23000
20230317 102700;17124.2;17139.95;17122.7;17136;18250
20230317 102800;17136.1;17139.75;17132.45;17139.75;5450
20230317 102900;17138.5;17147.9;17135;17137.5;7850
20230317 103000;17137.35;17137.35;17126.4;17129.8;7450
20230317 103100;17131.3;17139.05;17131.3;17135;12450
20230317 103200;17135;17136.95;17126.2;17126.2;7950
20230317 103300;17128.7;17160.15;17128.7;17160;381750
20230317 103400;17160.05;17160.65;17135.25;17135.25;299600
20230317 103500;17134.2;17139.05;17130.7;17130.7;18050
20230317 103600;17131.9;17142.35;17131.9;17135.25;10300
20230317 103700;17136.85;17136.9;17128.7;17129.2;9400
20230317 103800;17129.2;17131.2;17123.95;17130.1;28350
20230317 103900;17130;17134.7;17124;17124.15;23250
20230317 104000;17124.15;17125.4;17115.05;17118.2;39850
20230317 104100;17115.75;17123.95;17112.15;17121.6;13650
20230317 104200;17123.95;17125;17118;17120;11800
20230317 104300;17119.2;17124;17119.15;17124;5200
20230317 104400;17122;17134.7;17121;17133.25;7600
20230317 104500;17131;17131.9;17123.75;17124.45;4900
20230317 104600;17123.1;17124.8;17120;17124.4;18400
20230317 104700;17125.95;17130.4;17123.6;17125.75;5600
20230317 104800;17127.25;17127.25;17118.8;17119.8;9050
20230317 104900;17119.8;17123.05;17116;17117;6350
20230317 105000;17116.2;17120;17113;17118;11850
20230317 105100;17117.15;17121;17110;17113.25;15650
20230317 105200;17113.45;17113.45;17105.1;17108.1;27650
20230317 105300;17107.85;17112;17104.3;17112;20600
20230317 105400;17112;17116.25;17110.1;17115.8;17700
20230317 105500;17115.85;17117.95;17112.9;17117.9;16750
20230317 105600;17118;17122.5;17110.25;17116.15;14050
20230317 105700;17116.95;17119.9;17116.1;17119.9;6100
20230317 105800;17121.95;17129.95;17118;17129.4;15950
20230317 105900;17129.95;17129.95;17122;17127.6;11600
20230317 110000;17130.15;17130.95;17122;17122;5450
20230317 110100;17122;17133.45;17117.4;17118;61050
20230317 110200;17118;17125;17116.3;17124;16900
20230317 110300;17124;17130;17122.15;17130;13000
20230317 110400;17129.35;17131.4;17121;17126;7250
20230317 110500;17128.05;17128.05;17111.3;17111.3;6600
20230317 110600;17111.5;17116;17107;17111.1;14950
20230317 110700;17111;17115;17106.4;17113.25;9550
20230317 110800;17111.1;17116.95;17110;17116.55;6550
20230317 110900;17116.1;17118.45;17114;17115.9;4800
20230317 111000;17114.5;17114.75;17103.5;17103.5;14350
20230317 111100;17102;17105.55;17092.1;17092.1;47750
20230317 111200;17092.1;17107.3;17092.1;17103.65;25400
20230317 111300;17102;17102;17092;17092;18400
20230317 111400;17092;17100;17090.5;17097.15;38350
20230317 111500;17097.2;17097.2;17084.65;17090.05;38850
20230317 111600;17092.25;17094.95;17086.35;17092.55;24950
20230317 111700;17094.4;17098.1;17091.4;17094.95;17800
20230317 111800;17094.9;17102.85;17090.15;17099.9;16050
20230317 111900;17099.9;17100;17087.05;17088.85;11600
20230317 112000;17088.9;17089.05;17083.3;17086;13150
20230317 112100;17085;17092.5;17080.35;17092.5;19650
20230317 112200;17090;17093.45;17083.15;17083.9;8950
20230317 112300;17083.9;17083.9;17078;17083.9;29750
20230317 112400;17083.85;17090.95;17082.65;17090.95;10400
20230317 112500;17091.1;17092.95;17085.05;17092.95;9500
20230317 112600;17092.95;17104.85;17091.85;17102;18650
20230317 112700;17103.95;17105.55;17090;17093.45;15950
20230317 112800;17091.05;17097.7;17089.9;17092.5;7450
20230317 112900;17092.5;17092.5;17085.15;17090.45;8150
20230317 113000;17086;17087.8;17082.55;17087.8;12350
20230317 113100;17087.75;17090.8;17082.75;17084.85;7500
20230317 113200;17086;17087;17075;17076.05;21550
20230317 113300;17075.8;17077.95;17068;17070.85;60200
20230317 113400;17070;17072.1;17064;17065.05;31050
20230317 113500;17065;17069.9;17061;17068.45;90500
20230317 113600;17069.1;17069.85;17064.3;17066;28050
20230317 113700;17065;17066.9;17060.9;17066.9;15950
20230317 113800;17067.4;17068;17059;17059;22750
20230317 113900;17060;17062.2;17055.55;17055.55;20550
20230317 114000;17054;17060.6;17052;17056.9;33700
20230317 114100;17055;17057.95;17051;17051.55;21200
20230317 114200;17051.9;17055;17048.3;17053.95;67650
20230317 114300;17055.95;17062.5;17053.9;17062.5;27550
20230317 114400;17062.05;17072.95;17057.75;17070.75;30250
20230317 114500;17070.95;17070.95;17063.9;17066.55;17200
20230317 114600;17069.8;17072.5;17061.75;17065.4;17200
20230317 114700;17065.5;17075;17065;17073.6;18150
20230317 114800;17073.45;17082;17073.15;17080;33950
20230317 114900;17079.1;17085.4;17077.25;17083.75;31600
20230317 115000;17086.1;17086.1;17070.05;17071.4;24950
20230317 115100;17069.7;17082;17067.7;17077.15;16800
20230317 115200;17077.2;17078.25;17071.45;17074.7;8400
20230317 115300;17075.6;17079;17072.8;17074.75;10300
20230317 115400;17075.05;17087.4;17074.45;17086;21650
20230317 115500;17087.15;17094.5;17083.4;17094;22950
20230317 115600;17095.7;17098.15;17090.7;17098.15;17650
20230317 115700;17098.6;17106.95;17098.6;17102.35;35100
20230317 115800;17103.35;17103.5;17093.75;17099.95;16000
20230317 115900;17099;17106;17096.15;17104;10000
20230317 120000;17105;17106.35;17098.1;17102.4;16650
20230317 120100;17104;17120;17104;17120;96000
20230317 120200;17119.5;17119.5;17104.35;17104.35;21800
20230317 120300;17103.05;17103.05;17096.65;17098;11800
20230317 120400;17095.2;17101;17090;17090;13600
20230317 120500;17090.35;17095;17085;17087.55;19150
20230317 120600;17086.35;17096.85;17076.55;17076.55;19000
20230317 120700;17078.4;17087.35;17078.4;17083.8;13250
20230317 120800;17086;17086.3;17075.95;17078;18000
20230317 120900;17077.9;17077.9;17064.9;17065.1;31950
20230317 121000;17064.3;17064.3;17054;17054;28450
20230317 121100;17054;17060;17051.85;17056;78350
20230317 121200;17057.55;17057.9;17040.05;17042.55;41950
20230317 121300;17041.8;17045;17037.9;17041.3;35350
20230317 121400;17042.5;17059.95;17041.35;17059.95;25700
20230317 121500;17058.4;17058.4;17045;17046.9;20550
20230317 121600;17045;17052.8;17042.25;17045;16300
20230317 121700;17046.1;17047.1;17040;17045;18900
20230317 121800;17044.9;17053.4;17042.25;17051.2;13150
20230317 121900;17050;17052.9;17047.25;17052.9;8400
20230317 122000;17052.3;17052.9;17032.2;17039.95;32200
20230317 122100;17037.95;17041;17035.5;17036.25;26100
20230317 122200;17034.25;17034.25;17020.05;17029.25;75600
20230317 122300;17029.7;17039.9;17027;17034;17450
20230317 122400;17034;17046.55;17034;17043.85;15550
20230317 122500;17043.9;17046.7;17038;17039.85;26700
20230317 122600;17041.85;17048;17038.9;17048;19900
20230317 122700;17047.3;17052.9;17039.9;17041.75;13050
20230317 122800;17041.9;17043.95;17035.1;17038.4;6550
20230317 122900;17038.5;17049.85;17036.2;17049.85;13000
20230317 123000;17051.3;17051.3;17042.35;17046.95;13050
20230317 123100;17046;17058.45;17045.75;17058.45;22000
20230317 123200;17058;17060;17052.25;17059.9;18500
20230317 123300;17059.9;17059.9;17048;17048.85;11250
20230317 123400;17046.75;17053.6;17041.2;17041.2;9250
20230317 123500;17041.9;17045.9;17039.2;17040;10650
20230317 123600;17040;17044;17032.15;17033.7;12100
20230317 123700;17035.2;17041.35;17032.55;17040;9650
20230317 123800;17040.2;17050;17039;17044.65;12500
20230317 123900;17044.55;17055;17044.55;17055;25150
20230317 124000;17054.95;17056.5;17045.05;17047.6;13150
20230317 124100;17048;17050.75;17045.7;17050.7;7150
20230317 124200;17053;17057.2;17050.1;17051.5;23700
20230317 124300;17050.05;17055;17049.95;17052.15;3450
20230317 124400;17052.05;17054.95;17045;17045.55;6050
20230317 124500;17045.95;17053.3;17045.45;17049.5;5600
20230317 124600;17049.5;17069;17049.5;17069;19000
20230317 124700;17069.8;17069.8;17057.45;17069.25;19650
20230317 124800;17069.3;17078;17067.95;17069;28700
20230317 124900;17068.8;17074.85;17065.75;17069.65;13650
20230317 125000;17069.95;17076.9;17069.65;17075.95;13700
20230317 125100;17075.9;17082.95;17068.05;17070.5;27600
20230317 125200;17067.7;17076.15;17059.9;17061;17200
20230317 125300;17060.55;17062.95;17050.55;17052.9;14800
20230317 125400;17050.85;17057.95;17047.15;17048.15;16350
20230317 125500;17052.75;17057.95;17047.4;17050;11450
20230317 125600;17051.3;17059;17048.45;17058.3;7500
20230317 125700;17059.95;17063;17056.05;17060.45;8900
20230317 125800;17058.05;17058.05;17051.2;17054.1;8050
20230317 125900;17054.1;17057.75;17047.6;17048.95;4000
20230317 130000;17049.1;17054.95;17049.1;17053.3;7000
20230317 130100;17053;17055.25;17047.3;17054;7600
20230317 130200;17051.9;17051.95;17047.25;17047.75;3850
20230317 130300;17047.35;17049.15;17036.6;17038;22150
20230317 130400;17037.85;17040;17022.85;17023.1;25900
20230317 130500;17022.4;17032.9;17022;17030;19300
20230317 130600;17030.55;17043.8;17028.05;17043.45;20350
20230317 130700;17043.1;17049.95;17037.25;17049.95;11650
20230317 130800;17049.5;17051.95;17041;17050;8400
20230317 130900;17052;17060;17048.6;17060;10200
20230317 131000;17060;17060;17053.8;17053.8;6000
20230317 131100;17054.15;17058;17050;17051.7;6700
20230317 131200;17053.95;17058;17050;17056;7500
20230317 131300;17057;17057;17044.05;17045.65;9050
20230317 131400;17047.65;17050;17045.25;17048.55;4700
20230317 131500;17051.35;17063.9;17049.5;17058.5;16100
20230317 131600;17056;17067.8;17055.3;17066.05;18600
20230317 131700;17065.05;17072;17061.35;17064.95;18050
20230317 131800;17062.1;17064.95;17057.25;17059.35;11750
20230317 131900;17057.1;17060.85;17045.6;17050;13500
20230317 132000;17049.1;17056.9;17045.95;17056.5;4750
20230317 132100;17054.45;17056;17049.95;17053.1;2850
20230317 132200;17055.25;17070;17055.25;17064.05;12550
20230317 132300;17064.95;17072.3;17060.05;17065.15;13250
20230317 132400;17063.85;17068.9;17063;17064.9;8900
20230317 132500;17066.7;17067.5;17060;17060.85;9200
20230317 132600;17062;17064.9;17055.45;17064.9;12700
20230317 132700;17063;17075;17061.75;17071.4;16350
20230317 132800;17068.25;17078;17067;17072.3;12550
20230317 132900;17072;17073.55;17061.1;17063.05;12200
20230317 133000;17062.55;17070;17062.55;17066.95;6000
20230317 133100;17066.75;17093;17063.6;17082;50200
20230317 133200;17081.05;17083.5;17071.7;17083.5;21600
20230317 133300;17081.35;17083;17075.35;17083;8500
20230317 133400;17083;17090.95;17078;17084.05;24600
20230317 133500;17085;17087.5;17080.5;17085.25;11150
20230317 133600;17088;17099.1;17086.25;17089.75;64000
20230317 133700;17087.5;17092.9;17075.3;17078.4;22400
20230317 133800;17078.15;17085;17075.6;17085;15700
20230317 133900;17088;17088.9;17081.35;17083.55;6600
20230317 134000;17085.5;17091.15;17083.05;17084.8;6550
20230317 134100;17085;17093;17083.65;17085;22700
20230317 134200;17085.3;17098.95;17085.3;17090;17900
20230317 134300;17088.05;17096.25;17088;17092.4;9800
20230317 134400;17092.9;17098.4;17081.9;17081.9;10350
20230317 134500;17084.05;17084.75;17072.25;17073.2;15650
20230317 134600;17076;17093.25;17076;17092;17350
20230317 134700;17091.3;17114;17091.3;17111.95;58600
20230317 134800;17114;17114;17100;17100;71750
20230317 134900;17105.95;17115;17104.95;17109.55;37300
20230317 135000;17107;17111.75;17106;17107.25;10400
20230317 135100;17106.7;17123.2;17106.7;17116.8;47000
20230317 135200;17115;17119.85;17110.3;17119.85;21600
20230317 135300;17117.85;17127.85;17116.55;17122.65;53000
20230317 135400;17125.6;17139.65;17120.8;17137;55350
20230317 135500;17142;17151.2;17137.55;17149;99750
20230317 135600;17148;17161.95;17146.55;17161.95;103200
20230317 135700;17165;17166.55;17148;17149.9;126150
20230317 135800;17150.8;17159;17148.8;17156.4;43000
20230317 135900;17159.35;17164;17155;17157.4;43800
20230317 140000;17156.45;17160.95;17149.05;17149.95;36100
20230317 140100;17149.95;17159.7;17149.95;17156.65;30950
20230317 140200;17156.8;17156.8;17135.95;17143.9;33450
20230317 140300;17143;17148;17137.5;17142.65;24500
20230317 140400;17142;17152.1;17142;17150;27000
20230317 140500;17149.5;17158.6;17147.2;17150.1;16700
20230317 140600;17150.8;17156.4;17149.6;17150.45;10650
20230317 140700;17150.7;17163;17150.4;17152;21350
20230317 140800;17151.4;17157.65;17141.1;17141.1;24250
20230317 140900;17140.65;17150.35;17140;17149.4;33200
20230317 141000;17149.85;17155.65;17147.3;17151;17300
20230317 141100;17151.05;17154.65;17141.2;17143.8;17500
20230317 141200;17143.65;17150;17143.1;17148;9650
20230317 141300;17147.9;17147.9;17139;17140.3;9600
20230317 141400;17142.4;17147.45;17128;17129.9;21000
20230317 141500;17127.55;17138.55;17124.35;17138.55;24600
20230317 141600;17138.9;17146.15;17134.7;17134.7;28100
20230317 141700;17134.7;17140.75;17133;17140;14500
20230317 141800;17142.5;17142.5;17131;17132;10850
20230317 141900;17132;17133.85;17122.1;17127.5;18000
20230317 142000;17125.1;17131.85;17116.1;17116.1;24000
20230317 142100;17116;17119.25;17106.5;17109.4;29700
20230317 142200;17108;17117.7;17106.35;17110.55;20700
20230317 142300;17112.2;17112.2;17105;17109;16650
20230317 142400;17111;17113;17102;17102;17500
20230317 142500;17100.2;17100.2;17088.05;17091;51400
20230317 142600;17092.15;17092.4;17081;17081;42750
20230317 142700;17079.3;17086;17074;17085.15;43750
20230317 142800;17086.25;17094.5;17083.05;17083.2;45450
20230317 142900;17084.25;17095.35;17080;17095.35;35100
20230317 143000;17095.75;17095.75;17087.8;17090.15;20650
20230317 143100;17090.7;17105.85;17090.55;17105.85;38950
20230317 143200;17106.55;17117.8;17103.35;17117.8;27450
20230317 143300;17117.8;17121.7;17111.85;17121.7;22150
20230317 143400;17122.05;17133;17122.05;17127.8;29950
20230317 143500;17126.9;17143.8;17126.9;17143.6;26600
20230317 143600;17143.3;17147.5;17125.5;17136;31200
20230317 143700;17137.5;17138.7;17132.45;17133.6;12800
20230317 143800;17134.05;17155;17133.6;17149.25;30500
20230317 143900;17150;17150.9;17140;17141.9;19300
20230317 144000;17143;17144;17128.5;17130.2;22850
20230317 144100;17131.15;17140;17131.15;17140;13650
20230317 144200;17139.35;17140;17131.55;17133.6;19400
20230317 144300;17133;17138;17123.25;17123.6;27300
20230317 144400;17123.25;17144.8;17122.1;17139.4;30700
20230317 144500;17140.7;17142.7;17133.05;17135.15;17150
20230317 144600;17137.1;17142;17130;17130;14550
20230317 144700;17129.1;17137.75;17129.1;17136.9;16150
20230317 144800;17140;17145.25;17132.8;17137.6;21850
20230317 144900;17140.2;17140.2;17123.2;17126.2;20650
20230317 145000;17126.85;17129.05;17119.45;17125.05;19500
20230317 145100;17128.7;17129;17118.05;17118.1;35850
20230317 145200;17119.05;17119.05;17111;17111.15;31600
20230317 145300;17110.85;17117;17106;17117;17050
20230317 145400;17116.6;17140;17115.65;17140;35150
20230317 145500;17143.4;17150;17139.85;17145.7;53150
20230317 145600;17145.6;17150;17138.25;17150;19600
20230317 145700;17151;17165;17151;17164.1;68150
20230317 145800;17171.25;17174.9;17163.5;17168.1;96450
20230317 145900;17168.3;17174.3;17158.05;17173.8;36600
20230317 150000;17178;17181.5;17170.1;17174.45;75100
20230317 150100;17175.75;17189.4;17175.1;17187.75;109300
20230317 150200;17189.7;17189.7;17155.05;17158.3;106650
20230317 150300;17159.5;17165.1;17147.35;17164;97750
20230317 150400;17164.05;17175;17164.05;17172.8;74450
20230317 150500;17171;17177.55;17165.55;17171.1;102050
20230317 150600;17169.8;17169.8;17152.55;17167.55;52050
20230317 150700;17167.5;17183;17166.05;17180;76400
20230317 150800;17180.85;17190.95;17176.8;17185.7;71050
20230317 150900;17184;17194;17183.3;17192.75;134950
20230317 151000;17192.5;17199;17189;17198.35;100700
20230317 151100;17199;17199;17183.7;17186.9;82750
20230317 151200;17185.8;17198;17184.7;17196.7;81000
20230317 151300;17196.8;17208.75;17194.75;17207.15;120150
20230317 151400;17205.75;17206.85;17190;17193.5;73150
20230317 151500;17192.2;17194;17185;17193.4;35750
20230317 151600;17192.85;17192.85;17184.5;17188.8;50100
20230317 151700;17188.8;17194;17187.05;17192.25;30300
20230317 151800;17189;17189;17175.25;17183.05;57700
20230317 151900;17182.2;17187;17172.45;17172.45;61950
20230317 152000;17173.5;17173.5;17162;17168.65;86900
20230317 152100;17168.9;17169.25;17154.8;17155.85;83600
20230317 152200;17157.3;17159.85;17153.85;17155.75;76100
20230317 152300;17156.5;17162.7;17154;17162.7;79300
20230317 152400;17163;17173;17163;17168.65;86100
20230317 152500;17170.4;17175.45;17170.4;17174.85;60850
20230317 152600;17176.9;17176.9;17167;17168.05;59900
20230317 152700;17168.1;17175;17168.1;17173.95;83350
20230317 152800;17174.3;17183.3;17174.3;17181;89550
20230317 152900;17182;17191.35;17182;17186.75;113300
20230317 153000;17186.7;17192.75;17186.7;17189;81500